00100000000000000000000001010000
00100000001000010000000001010100
00100000010000100000000001001001
10101101000000000000000000000100
10001101000000110000000000000100
00001100000000000000000000001011
00000000000000010011000000101010
00010000111001100000000000000010
00100000000000000000000000000001
00001000000000000000000000000110
00001000000000000000000000010000
00000000011000100001100000100100
00000000010000010010000000100101
00000000000000010010100000100110
00000000101001000010100000100000
00000011111111101111100000001000